function g=geometryMatrix
  g=[ 
   2    2    2  2 2    2  2 2 2    2 2     4     4     4     4
   2 1.25 1.25  2 2 0.75  0 0 0 0.75 0  0.75     1  1.25     1
   0 1.25 0.75  2 2 1.25  0 0 2 0.75 2     1  1.25     1  0.75
  -1 0.75 0.25 -1 0 0.75 -1 0 1 0.25 0  -0.5 -0.75  -0.5 -0.25
  -1 0.25 0.25  0 1 0.75  0 1 1 0.75 0 -0.75  -0.5 -0.25  -0.5
   0    3    3  1 3    3  0 0 0    3 3     0     0     0     0
   1    2    2  0 0    2  1 3 3    2 1     1     1     1     1
   0    0    0  0 0    0  0 0 0    0 0     1     1     1     1
   0    0    0  0 0    0  0 0 0    0 0  -0.5  -0.5  -0.5  -0.5
   0    0    0  0 0    0  0 0 0    0 0  0.25  0.25  0.25  0.25
   0    0    0  0 0    0  0 0 0    0 0  0.25  0.25  0.25  0.25
   0    0    0  0 0    0  0 0 0    0 0     0     0     0     0 
   ] ;
end